99400
200500
296500
451900
548100
699500
855600
1103100
1437700
1044500
436500
296600
276900
276800
283500
396800
440200
654600
490000
466600
460000
516000
458600
592800
564300
646600
630000
712900
649700
690600
937900
803100
800200
757800
771800
941300
855900
904700
995800
1368200
1977700
1342200
1480100
1409000
1330400
1502200
1361600
1694900
1833200
1533400
1549500
1776000
1558000
1718300
1685200
3202400
1482300
1460100
1661800
1647800
1523500
1122700
1043900
1239600
1117100
1081000
1213900
1128400
1465800
1167000
1196300
1384700
1286400
1291000
1302500
1395400
1420600
1318100
1467200
2058900
1896000
2909300
2502900
2074400
2039900
2012100
2045100
2402200
2336700
2088800
2122800
2144100
2290700
2394300
2381000
2683900
2356200
2461100
2518300
2725700
